8|0|0|9|0|14
9|0|0|9|1|24
5|0|0|9|-4|27
5|0|0|9|0|33
3|1|0|9|-1|51
3|1|0|9|0|56
4|1|0|9|1|57
5|1|0|9|1|59
4|2|0|9|0|67
4|2|0|9|0|68
4|2|0|9|0|75
4|2|0|9|0|83
4|2|0|9|0|90
4|2|0|9|0|91
5|1|0|9|0|98
5|1|0|9|0|99
5|1|0|10|0|104
5|1|0|10|0|107
5|1|0|10|0|111
6|0|0|10|0|115
6|0|0|10|0|117
6|0|0|10|0|119
6|0|0|10|0|122
6|0|0|10|0|125
6|0|0|10|0|128
6|0|0|10|0|129
6|0|0|10|0|135
6|0|0|10|0|145
6|0|0|10|0|150
6|0|0|10|0|154
6|0|0|10|0|155
6|0|0|12|0|164
6|0|0|12|0|165
6|0|0|12|0|189
6|0|0|12|0|191
7|0|0|12|1|201
8|0|0|12|1|207
8|0|0|12|0|207
7|1|0|12|0|214
7|1|0|12|0|216
7|1|0|12|0|221
7|1|0|12|0|223
7|1|0|12|0|228
7|1|0|12|0|237
8|1|0|12|1|246
8|1|0|12|0|251
8|1|0|12|0|255
9|1|0|12|1|263
9|1|0|12|0|275
9|1|0|12|0|285
8|2|0|12|0|289
8|2|0|12|0|292
9|2|0|12|1|299
8|3|0|12|0|301
9|2|0|12|0|304
10|2|0|10|1|326
10|2|0|10|0|328
10|3|0|10|1|329
10|3|0|10|0|330
10|3|0|10|0|334
10|3|0|10|0|344
10|3|0|10|0|373
10|4|0|10|1|374
10|3|0|10|-1|379
10|3|0|10|0|381
10|3|0|10|0|382
11|2|0|7|0|391
11|2|0|7|0|393
11|2|0|7|0|394
11|2|0|7|0|426
11|2|0|7|0|428
11|2|0|7|0|434
11|2|0|7|0|442
11|2|0|7|0|445
11|2|0|7|0|454
12|1|0|7|0|469
12|1|0|7|0|477
12|1|0|7|0|492
12|1|0|7|0|532
12|1|0|7|0|544
12|1|0|7|0|554
12|1|0|7|0|558
12|1|0|7|0|563
12|1|0|7|0|566
12|1|0|7|0|567
12|1|0|7|0|577
12|1|0|7|0|579
12|1|0|7|0|588
12|1|0|7|0|602
13|0|0|7|0|603
13|0|0|7|0|607
13|0|0|7|0|626
13|0|0|7|0|649
13|0|0|7|0|651
13|0|0|7|0|673
12|0|0|7|-1|701
11|0|0|7|-1|710
11|0|0|7|0|728
11|0|0|7|0|761
11|0|0|7|0|771
11|0|0|7|0|777
11|0|0|7|0|784
11|0|0|7|0|797
11|0|0|7|0|799
11|0|0|7|0|800
11|0|0|8|0|882
11|0|0|8|0|888
11|0|0|8|0|889
11|0|0|8|0|890
8|0|0|8|-3|919
5|0|0|9|-3|920
3|0|0|9|-2|928
1|0|0|9|-2|937
1|0|0|9|0|955
2|0|0|9|1|976
2|0|0|9|0|989
1|0|0|9|-1|996
1|0|0|10|0|1007
0|1|0|10|0|1017
0|1|0|10|0|1031
0|1|0|10|0|1037
0|1|0|10|0|1038
1|1|0|10|1|1043
2|0|0|10|0|1052
2|0|0|10|0|1066
1|0|1|10|0|1072
0|0|1|10|-1|1088
0|0|1|10|0|1105
0|0|1|12|0|1108
0|0|1|12|0|1114
0|0|1|12|0|1132
0|0|1|12|0|1134
0|0|1|12|0|1137
0|0|1|12|0|1143
0|0|1|12|0|1151
1|0|1|12|1|1152
1|0|1|12|0|1160
1|0|1|12|0|1166
2|0|1|12|1|1168
2|0|1|12|0|1210
2|0|1|12|0|1227
2|0|1|12|0|1238
2|0|1|12|0|1243
2|0|1|12|0|1258
2|0|1|12|0|1260
3|0|1|12|1|1264
4|0|1|12|1|1267
5|0|1|12|1|1268
5|0|1|12|0|1280
5|0|1|12|0|1290
5|0|1|12|0|1310
5|0|1|12|0|1317
5|0|1|12|0|1322
5|0|1|12|0|1357
5|0|1|12|0|1373
5|0|1|10|0|1392
5|0|1|10|0|1400
5|0|1|10|0|1408
5|0|1|10|0|1412
5|0|1|10|0|1434
3|0|1|10|-2|1441
3|0|1|10|0|1443
1|0|1|10|-2|1445
0|1|1|10|0|1457
0|1|1|10|0|1471
0|1|1|7|0|1472
0|1|1|7|0|1489
0|1|1|7|0|1500
0|1|1|7|0|1500
1|1|1|7|1|1510
1|1|1|7|0|1517
1|1|1|7|0|1520
0|2|1|7|0|1528
0|2|1|7|0|1534
0|2|1|7|0|1535
0|2|1|7|0|1540
0|2|1|7|0|1541
0|2|1|7|0|1559
0|2|1|7|0|1563
0|2|1|7|0|1572
0|2|1|7|0|1574
0|2|1|7|0|1582
1|2|1|7|1|1583
2|1|1|7|0|1587
2|1|1|7|0|1592
2|1|1|7|0|1604
2|1|1|7|0|1607
2|1|1|7|0|1608
2|1|1|7|0|1614
2|1|1|7|0|1619
2|1|1|7|0|1623
3|0|1|7|0|1624
2|0|2|7|0|1647
2|0|2|7|0|1648
2|0|2|7|0|1649
2|0|2|7|0|1650
2|0|2|7|0|1656
2|0|2|7|0|1669
2|0|2|7|0|1670
2|0|2|7|0|1676
2|0|2|7|0|1680
2|0|2|7|0|1683
2|0|2|7|0|1685
2|0|2|7|0|1687
2|0|2|7|0|1689
2|0|2|7|0|1698
2|0|2|7|0|1709
2|0|2|7|0|1711
2|0|2|7|0|1714
2|0|2|7|0|1720
2|0|2|7|0|1723
2|0|2|7|0|1724
2|0|2|7|0|1725
2|0|2|7|0|1732
2|0|2|7|0|1734
2|0|2|7|0|1736
2|0|2|7|0|1738
2|0|2|7|0|1738
2|0|2|7|0|1739
2|0|2|7|0|1742
2|0|2|7|0|1744
2|0|2|7|0|1746
2|0|2|7|0|1749
2|0|2|7|0|1750
2|0|2|7|0|1761
2|0|2|7|0|1762
2|0|2|7|0|1771
2|0|2|7|0|1772
2|0|2|7|0|1773
2|0|2|7|0|1776
2|0|2|7|0|1777
2|0|2|7|0|1788
2|0|2|7|0|1804
2|0|2|7|0|1809
2|0|2|7|0|1814
2|0|2|7|0|1816
2|0|2|7|0|1818
2|0|2|7|0|1819
2|0|2|7|0|1839
2|0|2|7|0|1842
2|0|2|7|0|1851
2|0|2|7|0|1858
2|0|2|7|0|1870
2|0|2|7|0|1873
2|0|2|7|0|1876
2|0|2|7|0|1877
2|0|2|7|0|1880
2|0|2|7|0|1884
2|0|2|7|0|1885
2|0|2|7|0|1887
2|0|2|7|0|1895
2|0|2|7|0|1900
2|0|2|7|0|1904
3|0|2|7|1|1915
3|0|2|8|0|1926
3|0|2|8|0|1932
3|0|2|8|0|1951
3|0|2|9|0|1956
3|0|2|9|0|1960
3|0|2|9|0|1962
3|0|2|9|0|1965
3|0|2|9|0|1965
3|0|2|9|0|1974
3|0|2|9|0|1980
3|0|2|9|0|1984
2|1|2|9|0|1986
2|1|2|9|0|1990
2|1|2|9|0|2000
3|0|2|9|0|2010
3|0|2|9|0|2012
3|0|2|9|0|2014
3|0|2|9|0|2022
3|0|2|9|0|2023
3|0|2|9|0|2030
3|0|2|9|0|2038
3|0|2|9|0|2043
3|0|2|9|0|2049
2|0|3|9|0|2050
2|0|3|10|0|2052
2|0|3|10|0|2056
2|0|3|10|0|2059
2|0|3|10|0|2060
2|0|3|10|0|2061
2|0|3|10|0|2062
2|0|3|10|0|2067
2|0|3|10|0|2070
2|0|3|10|0|2074
2|0|3|10|0|2080
2|0|3|10|0|2089
1|1|3|10|0|2092
1|1|3|10|0|2095
2|0|3|10|0|2101
2|0|3|10|0|2102
2|0|3|10|0|2106
2|0|3|10|0|2109
2|0|3|10|0|2117
2|0|3|12|0|2118
2|0|3|12|0|2120
2|0|3|12|0|2121
2|0|3|12|0|2124
1|0|4|12|0|2137
1|0|4|12|0|2141
1|0|4|12|0|2146
1|0|4|12|0|2147
1|0|4|12|0|2158
1|0|4|12|0|2159
1|0|4|12|0|2160
2|0|4|12|1|2173
2|0|4|12|0|2173
2|0|4|12|0|2181
2|0|4|12|0|2184
2|0|4|12|0|2189
2|0|4|12|0|2192
2|0|4|12|0|2198
2|0|4|12|0|2201
2|0|4|12|0|2203
2|0|4|12|0|2210
2|0|4|12|0|2214
2|0|4|12|0|2218
2|0|4|12|0|2219
2|0|4|12|0|2220
2|0|4|12|0|2224
2|0|4|12|0|2232
2|0|4|12|0|2234
2|0|4|12|0|2237
2|0|4|12|0|2244
2|0|4|12|0|2248
2|0|4|12|0|2257
2|0|4|12|0|2259
2|0|4|12|0|2276
2|0|4|12|0|2284
2|0|4|12|0|2284
2|0|4|12|0|2290
2|0|4|12|0|2293
2|0|4|12|0|2314
2|0|4|12|0|2322
2|0|4|12|0|2331
2|0|4|12|0|2334
2|0|4|12|0|2335
1|1|4|12|0|2342
1|1|4|12|0|2356
1|1|4|12|0|2358
1|1|4|12|0|2360
1|1|4|12|0|2362
1|1|4|12|0|2363
1|1|4|12|0|2364
1|1|4|12|0|2366
1|1|4|10|0|2381
2|0|4|10|0|2386
2|0|4|10|0|2393
2|0|4|10|0|2399
2|0|4|10|0|2401
1|0|5|10|0|2406
1|0|5|10|0|2410
1|0|5|10|0|2415
1|0|5|10|0|2416
1|0|5|10|0|2423
1|0|5|10|0|2441
1|0|5|10|0|2452
1|0|5|10|0|2460
1|0|5|10|0|2464
0|0|5|10|-1|2470
0|0|5|10|0|2491
0|0|5|7|0|2503
0|0|5|7|0|2506
0|0|5|7|0|2510
0|0|5|7|0|2517
0|0|5|7|0|2525
0|0|5|7|0|2534
0|0|5|7|0|2552
0|0|5|7|0|2560
0|0|5|7|0|2567
0|0|5|7|0|2572
0|0|5|7|0|2591
0|0|5|7|0|2596
0|0|5|7|0|2604
0|0|5|7|0|2610
0|0|5|7|0|2623
0|0|5|7|0|2637
0|0|5|7|0|2640
0|0|5|7|0|2651
0|0|5|7|0|2655
0|0|5|7|0|2660
0|0|5|7|0|2664
0|0|5|7|0|2668
0|0|5|7|0|2678
0|0|5|7|0|2693
0|0|5|7|0|2696
0|0|5|7|0|2703
0|0|5|7|0|2726
0|0|5|7|0|2727
0|0|5|7|0|2735
0|0|5|7|0|2738
0|0|5|7|0|2783
0|0|5|7|0|2812
0|0|5|7|0|2824
0|0|5|7|0|2826
0|0|5|7|0|2830
0|0|5|7|0|2846
0|0|5|7|0|2863
0|0|5|7|0|2866
0|0|5|7|0|2870
0|0|5|8|0|2877
0|0|5|8|0|2880
0|0|5|8|0|2887
0|0|5|8|0|2889
0|0|5|9|0|2903
0|0|5|9|0|2944
0|0|5|9|0|2945
0|0|5|9|0|2973
0|0|5|9|0|2978
0|0|5|10|0|2987
0|0|5|10|0|2989
0|0|5|10|0|3024
0|0|5|10|0|3061
0|0|5|10|0|3065
0|0|5|10|0|3071
0|0|5|10|0|3075
0|0|5|10|0|3084
0|0|5|10|0|3095
0|0|5|10|0|3099
0|0|5|10|0|3119
0|0|5|10|0|3144
0|0|5|10|0|3153
0|0|5|12|0|3155
0|0|5|12|0|3183
0|0|5|12|0|3199
0|0|5|12|0|3217
0|0|5|12|0|3271
0|0|5|12|0|3290
0|0|5|12|0|3294
0|0|5|12|0|3307
0|0|5|12|0|3311
0|0|5|12|0|3327
0|0|5|12|0|3396
0|0|5|12|0|3415
0|0|5|10|0|3419
0|0|5|10|0|3424
0|0|5|10|0|3430
0|0|5|10|0|3433
0|0|5|10|0|3445
0|0|5|10|0|3450
0|0|5|10|0|3461
0|0|5|10|0|3473
0|0|5|10|0|3491
0|0|5|10|0|3508
0|0|5|10|0|3520
0|0|5|10|0|3527
0|0|5|10|0|3530
0|0|5|10|0|3534
0|0|5|10|0|3536
0|0|5|10|0|3540
0|0|5|10|0|3542
0|0|5|10|0|3543
0|0|5|10|0|3545
0|0|5|10|0|3566
0|0|5|10|0|3568
0|0|5|10|0|3569
0|0|5|10|0|3570
0|0|5|7|0|3575
0|0|5|7|0|3581
0|0|5|7|0|3582
0|0|5|7|0|3582
0|0|5|7|0|3584
0|0|5|7|0|3586
0|0|5|7|0|3587
0|0|5|7|0|3589
0|0|5|7|0|3595
0|0|5|7|0|3598
0|0|5|7|0|3601
0|0|5|7|0|3604
0|0|5|7|0|3617
0|0|5|7|0|3620
0|0|5|7|0|3624
0|0|5|7|0|3625
0|0|5|7|0|3631
0|0|5|7|0|3640
0|0|5|7|0|3642
0|0|5|7|0|3650
0|0|5|7|0|3656
0|0|5|7|0|3658
0|0|5|7|0|3663
0|0|5|7|0|3664
0|0|5|7|0|3667
0|0|5|7|0|3676
0|0|5|7|0|3679
0|0|5|7|0|3681
0|0|5|7|0|3694
0|0|5|7|0|3698
0|0|5|7|0|3710
0|0|5|7|0|3715
0|0|5|7|0|3717
0|0|5|7|0|3721
0|0|5|7|0|3724
0|0|5|7|0|3730
0|0|5|7|0|3743
0|0|5|7|0|3746
0|0|5|7|0|3754
0|0|5|7|0|3756
0|0|5|7|0|3758
0|0|5|7|0|3766
0|0|5|7|0|3771
0|0|5|7|0|3779
0|0|5|7|0|3794
0|0|5|7|0|3810
0|0|5|7|0|3815
0|0|5|7|0|3821
0|0|5|7|0|3830
0|0|5|7|0|3846
0|0|5|7|0|3854
0|0|5|7|0|3865
0|0|5|7|0|3865
0|0|5|7|0|3871
0|0|5|7|0|3919
0|0|5|7|0|3924
0|0|5|7|0|3967
0|0|5|7|0|3981
0|0|5|7|0|4008
0|0|5|7|0|4020
0|0|5|7|0|4032
0|0|5|8|0|4041
end