12|0|0|12|0|14
12|0|0|12|0|24
12|0|0|12|0|27
12|0|0|12|0|33
12|0|0|12|0|51
12|0|0|12|0|56
12|0|0|12|0|57
12|0|0|12|0|59
12|0|0|12|0|67
12|0|0|12|0|68
11|1|0|12|0|75
11|1|0|12|0|83
11|1|0|12|0|90
11|1|0|12|0|91
11|1|0|12|0|98
11|1|0|12|0|99
11|1|0|12|0|104
11|1|0|12|0|107
10|2|0|12|0|111
10|2|0|12|0|115
10|2|0|12|0|117
10|2|0|12|0|119
10|2|0|12|0|122
10|2|0|12|0|125
10|2|0|12|0|128
10|2|0|12|0|129
10|2|0|12|0|135
10|2|0|12|0|145
10|2|0|12|0|150
10|2|0|12|0|154
10|2|0|12|0|155
10|2|0|12|0|164
11|1|0|12|0|165
11|1|0|12|0|189
12|1|0|12|1|191
13|0|0|12|0|201
13|0|0|12|0|207
13|0|0|12|0|207
13|0|0|12|0|214
13|0|0|12|0|216
12|1|0|12|0|221
12|1|0|12|0|223
12|1|0|12|0|228
12|1|0|12|0|237
10|1|0|10|-2|246
10|1|0|10|0|251
5|2|0|10|-4|255
3|2|0|10|-2|263
3|1|0|10|-1|275
2|0|0|10|-2|285
0|0|0|10|-2|289
0|0|0|10|0|292
0|0|0|10|0|299
0|0|0|10|0|301
0|0|0|10|0|304
0|0|0|10|0|326
0|0|0|10|0|328
0|0|0|10|0|329
0|0|0|10|0|330
0|0|0|10|0|334
0|0|0|10|0|344
0|0|0|10|0|373
0|0|0|10|0|374
1|0|0|10|1|379
1|0|0|10|0|381
1|0|0|10|0|382
1|0|0|10|0|391
1|0|0|10|0|393
0|1|0|10|0|394
0|1|0|10|0|426
0|1|0|7|0|428
0|1|0|7|0|434
0|1|0|7|0|442
0|1|0|7|0|445
0|1|0|7|0|454
0|1|0|7|0|469
0|1|0|7|0|477
0|1|0|7|0|492
0|1|0|7|0|532
0|1|0|7|0|544
0|1|0|7|0|554
0|1|0|7|0|558
0|1|0|7|0|563
1|1|0|7|1|566
1|1|0|7|0|567
1|1|0|7|0|577
1|1|0|7|0|579
2|0|0|7|0|588
2|0|0|7|0|602
2|0|0|7|0|603
2|0|0|7|0|607
2|0|0|7|0|626
2|0|0|7|0|649
2|0|0|7|0|651
2|0|0|7|0|673
2|0|0|7|0|701
2|0|0|7|0|710
2|0|0|7|0|728
2|0|0|7|0|761
2|0|0|8|0|771
2|0|0|8|0|777
2|0|0|8|0|784
2|0|0|9|0|797
2|0|0|9|0|799
2|0|0|9|0|800
2|0|0|9|0|882
2|0|0|10|0|888
2|0|0|10|0|889
2|0|0|10|0|890
3|0|0|10|1|919
4|0|0|10|1|920
5|0|0|10|1|928
6|0|0|10|1|937
7|0|0|10|1|955
7|0|0|10|0|976
8|0|0|10|1|989
8|0|0|10|0|996
8|0|0|10|0|1007
8|0|0|10|0|1017
8|0|0|12|0|1031
8|0|0|12|0|1037
8|0|0|12|0|1038
9|0|0|12|1|1043
9|0|0|12|0|1052
9|0|0|12|0|1066
9|0|0|12|0|1072
9|0|0|12|0|1088
10|0|0|12|1|1105
10|0|0|12|0|1108
10|0|0|12|0|1114
10|0|0|12|0|1132
10|0|0|12|0|1134
10|0|0|12|0|1137
10|0|0|12|0|1143
10|0|0|12|0|1151
11|0|0|12|1|1152
12|0|0|12|1|1160
12|0|0|12|0|1166
12|1|0|12|1|1168
12|1|0|12|0|1210
12|1|0|12|0|1227
12|1|0|12|0|1238
12|1|0|12|0|1243
13|0|0|12|0|1258
13|0|0|12|0|1260
13|0|0|12|0|1264
13|0|0|10|0|1267
11|0|0|10|-2|1268
11|0|0|10|0|1280
11|0|0|10|0|1290
11|0|0|10|0|1310
11|0|0|10|0|1317
11|0|0|7|0|1322
11|0|0|7|0|1357
11|0|0|7|0|1373
11|0|0|7|0|1392
11|0|0|7|0|1400
11|0|0|7|0|1408
11|0|0|7|0|1412
10|0|1|7|0|1434
10|0|1|7|0|1441
10|0|1|7|0|1443
10|0|1|7|0|1445
10|0|1|7|0|1457
10|0|1|7|0|1471
10|0|1|7|0|1472
10|0|1|7|0|1489
10|0|1|7|0|1500
10|0|1|7|0|1500
10|0|1|7|0|1510
10|0|1|7|0|1517
10|0|1|7|0|1520
10|0|1|7|0|1528
10|0|1|7|0|1534
10|0|1|7|0|1535
10|0|1|7|0|1540
10|0|1|7|0|1541
10|0|1|7|0|1559
10|0|1|7|0|1563
10|0|1|7|0|1572
10|0|1|7|0|1574
10|0|1|7|0|1582
10|0|1|7|0|1583
10|0|1|7|0|1587
10|0|1|7|0|1592
10|0|1|7|0|1604
10|0|1|7|0|1607
10|0|1|7|0|1608
10|0|1|7|0|1614
9|1|1|7|0|1619
9|1|1|7|0|1623
9|1|1|7|0|1624
9|1|1|7|0|1647
9|1|1|7|0|1648
9|1|1|7|0|1649
9|1|1|7|0|1650
9|1|1|7|0|1656
9|1|1|7|0|1669
9|1|1|7|0|1670
9|1|1|7|0|1676
9|1|1|7|0|1680
9|1|1|7|0|1683
9|1|1|7|0|1685
9|1|1|7|0|1687
9|1|1|7|0|1689
9|1|1|7|0|1698
9|1|1|7|0|1709
9|1|1|7|0|1711
9|1|1|7|0|1714
9|1|1|7|0|1720
9|1|1|7|0|1723
9|1|1|7|0|1724
9|1|1|7|0|1725
9|1|1|7|0|1732
9|1|1|7|0|1734
9|1|1|7|0|1736
9|1|1|7|0|1738
9|1|1|7|0|1738
9|1|1|7|0|1739
9|1|1|7|0|1742
9|1|1|7|0|1744
9|1|1|7|0|1746
9|1|1|7|0|1749
9|1|1|7|0|1750
9|1|1|7|0|1761
9|1|1|7|0|1762
9|1|1|7|0|1771
9|1|1|7|0|1772
9|1|1|7|0|1773
9|1|1|7|0|1776
9|1|1|7|0|1777
9|1|1|7|0|1788
9|1|1|7|0|1804
9|1|1|7|0|1809
9|1|1|7|0|1814
10|0|1|7|0|1816
10|0|1|7|0|1818
10|0|1|7|0|1819
10|0|1|7|0|1839
10|0|1|7|0|1842
10|0|1|7|0|1851
10|0|1|7|0|1858
10|0|1|7|0|1870
10|0|1|7|0|1873
10|0|1|7|0|1876
10|0|1|7|0|1877
10|0|1|7|0|1880
10|0|1|7|0|1884
10|0|1|8|0|1885
10|0|1|8|0|1887
10|0|1|8|0|1895
10|0|1|8|0|1900
10|0|1|8|0|1904
9|0|1|9|-1|1915
9|0|1|9|0|1926
9|0|1|9|0|1932
9|0|1|9|0|1951
9|0|1|9|0|1956
9|1|1|9|1|1960
9|2|1|9|1|1962
9|2|1|9|0|1965
9|2|1|9|0|1965
9|2|1|9|0|1974
9|2|1|9|0|1980
9|2|2|9|1|1984
9|2|2|9|0|1986
9|2|2|9|0|1990
9|3|2|9|1|2000
9|3|2|9|0|2010
9|3|2|9|0|2012
10|3|2|10|1|2014
10|3|2|10|0|2022
10|3|2|10|0|2023
10|4|2|10|1|2030
10|4|2|10|0|2038
10|4|2|10|0|2043
10|4|2|10|0|2049
10|4|2|10|0|2050
10|4|2|10|0|2052
10|4|2|10|0|2056
10|3|2|10|-1|2059
10|2|2|10|-1|2060
10|2|2|10|0|2061
10|2|2|10|0|2062
10|2|2|10|0|2067
10|2|2|10|0|2070
10|2|2|10|0|2074
10|2|2|10|0|2080
10|2|2|10|0|2089
10|1|2|10|-1|2092
10|1|2|10|0|2095
10|1|2|10|0|2101
10|1|2|10|0|2102
10|1|2|10|0|2106
10|1|2|10|0|2109
10|1|2|10|0|2117
10|1|2|10|0|2118
10|0|2|10|-1|2120
10|0|2|10|0|2121
10|1|2|10|1|2124
10|1|2|10|0|2137
10|1|2|10|0|2141
10|1|2|10|0|2146
10|1|2|12|0|2147
10|1|2|12|0|2158
9|1|3|12|0|2159
8|1|4|12|0|2160
8|1|4|12|0|2173
8|1|4|12|0|2173
8|1|4|12|0|2181
8|1|4|12|0|2184
8|1|4|12|0|2189
7|1|5|12|0|2192
7|1|5|12|0|2198
6|1|6|12|0|2201
5|2|6|12|0|2203
5|2|6|12|0|2210
6|1|6|12|0|2214
6|1|6|12|0|2218
6|1|6|12|0|2219
5|1|7|12|0|2220
5|1|7|12|0|2224
5|1|7|12|0|2232
5|1|7|12|0|2234
5|1|7|12|0|2237
4|2|7|12|0|2244
4|2|7|12|0|2248
4|2|7|12|0|2257
4|2|7|12|0|2259
3|3|7|12|0|2276
3|3|7|12|0|2284
3|3|7|12|0|2284
3|3|7|12|0|2290
4|2|7|12|0|2293
3|2|8|12|0|2314
3|2|8|12|0|2322
3|2|8|12|0|2331
4|1|8|12|0|2334
4|1|8|12|0|2335
4|1|8|12|0|2342
4|1|8|12|0|2356
4|1|8|12|0|2358
4|1|8|12|0|2360
4|1|8|12|0|2362
4|1|8|12|0|2363
4|1|8|12|0|2364
5|0|8|12|0|2366
5|0|8|12|0|2381
5|0|8|12|0|2386
4|0|9|12|0|2393
4|0|9|10|0|2399
3|0|9|10|-1|2401
3|0|9|10|0|2406
2|0|10|10|0|2410
2|0|10|10|0|2415
1|0|11|10|0|2416
1|0|11|10|0|2423
1|0|11|10|0|2441
1|0|11|10|0|2452
1|0|11|10|0|2460
0|0|11|10|-1|2464
0|0|11|10|0|2470
0|0|11|10|0|2491
0|0|11|10|0|2503
0|0|11|10|0|2506
0|0|11|7|0|2510
0|0|11|7|0|2517
0|0|11|7|0|2525
0|0|11|7|0|2534
0|0|11|7|0|2552
0|0|11|7|0|2560
0|0|11|7|0|2567
0|0|11|7|0|2572
0|0|11|7|0|2591
0|0|11|7|0|2596
0|0|11|7|0|2604
0|0|11|7|0|2610
0|0|11|7|0|2623
0|0|11|7|0|2637
0|0|11|7|0|2640
0|0|11|7|0|2651
0|0|11|7|0|2655
0|0|11|7|0|2660
0|0|11|7|0|2664
0|0|11|7|0|2668
0|0|11|7|0|2678
0|0|11|7|0|2693
0|0|11|7|0|2696
0|0|11|7|0|2703
0|0|11|7|0|2726
0|0|11|7|0|2727
0|0|11|7|0|2735
0|0|11|7|0|2738
0|0|11|7|0|2783
0|0|11|7|0|2812
0|0|11|7|0|2824
0|0|11|7|0|2826
0|0|11|7|0|2830
0|0|11|7|0|2846
0|0|11|8|0|2863
0|0|11|8|0|2866
0|0|11|8|0|2870
0|0|11|8|0|2877
0|0|11|8|0|2880
0|0|11|8|0|2887
0|0|11|9|0|2889
0|0|11|9|0|2903
0|0|11|9|0|2944
0|0|11|9|0|2945
0|0|11|9|0|2973
0|0|11|9|0|2978
0|0|11|9|0|2987
0|0|11|10|0|2989
0|0|11|10|0|3024
0|0|11|10|0|3061
0|0|11|10|0|3065
0|0|11|10|0|3071
0|0|11|10|0|3075
0|0|11|10|0|3084
0|0|11|10|0|3095
0|0|11|12|0|3099
0|0|11|12|0|3119
0|0|11|12|0|3144
0|0|11|12|0|3153
0|0|11|12|0|3155
0|0|11|12|0|3183
0|0|11|12|0|3199
0|0|11|12|0|3217
0|0|11|12|0|3271
0|0|11|10|0|3290
0|0|11|10|0|3294
0|0|11|10|0|3307
0|0|11|10|0|3311
0|0|11|10|0|3327
0|0|11|10|0|3396
0|0|11|10|0|3415
0|0|11|10|0|3419
0|0|11|10|0|3424
0|0|11|10|0|3430
0|0|11|7|0|3433
0|0|11|7|0|3445
0|0|11|7|0|3450
0|0|11|7|0|3461
0|0|11|7|0|3473
0|0|11|7|0|3491
0|0|11|7|0|3508
0|0|11|7|0|3520
0|0|11|7|0|3527
0|0|11|7|0|3530
0|0|11|7|0|3534
0|0|11|7|0|3536
0|0|11|7|0|3540
0|0|11|7|0|3542
0|0|11|7|0|3543
0|0|11|7|0|3545
0|0|11|7|0|3566
0|0|11|7|0|3568
0|0|11|7|0|3569
0|0|11|7|0|3570
0|0|11|7|0|3575
1|0|11|7|1|3581
1|0|11|7|0|3582
1|0|11|7|0|3582
0|0|12|7|0|3584
0|0|12|7|0|3586
0|0|12|7|0|3587
0|0|12|7|0|3589
0|0|12|7|0|3595
0|0|12|7|0|3598
0|0|12|7|0|3601
0|0|12|7|0|3604
0|0|12|7|0|3617
0|0|12|7|0|3620
0|0|12|7|0|3624
0|0|12|7|0|3625
0|0|12|7|0|3631
0|0|12|7|0|3640
0|0|12|7|0|3642
0|0|12|7|0|3650
0|0|12|7|0|3656
0|0|12|7|0|3658
0|0|12|7|0|3663
0|0|12|7|0|3664
0|0|12|7|0|3667
0|0|12|7|0|3676
0|0|12|7|0|3679
0|0|12|7|0|3681
0|0|12|7|0|3694
0|0|12|7|0|3698
0|0|12|7|0|3710
0|0|12|7|0|3715
0|0|12|7|0|3717
0|0|12|7|0|3721
0|0|12|7|0|3724
0|0|12|7|0|3730
0|0|12|7|0|3743
0|0|12|7|0|3746
0|0|12|7|0|3754
0|0|12|7|0|3756
0|0|12|7|0|3758
0|0|12|7|0|3766
0|0|12|7|0|3771
0|0|12|7|0|3779
0|0|12|7|0|3794
0|0|12|7|0|3810
0|0|12|7|0|3815
0|0|12|7|0|3821
0|0|12|7|0|3830
0|0|12|7|0|3846
0|0|12|7|0|3854
0|0|12|7|0|3865
0|0|12|7|0|3865
0|0|12|7|0|3871
0|0|12|7|0|3919
0|0|12|7|0|3924
0|0|12|7|0|3967
0|0|12|8|0|3981
0|0|12|9|0|4008
0|0|12|9|0|4020
0|0|12|9|0|4032
0|0|12|9|0|4041
0|0|12|9|0|4066
0|0|12|10|0|4098
0|0|12|10|0|4104
0|0|12|10|0|4137
0|0|12|10|0|4175
0|0|12|10|0|4276
end