99|1|0|119|14
97|3|0|119|27
97|3|0|120|33
98|2|0|120|39
100|0|0|120|52
99|1|0|120|56
98|2|0|120|71
97|3|0|120|75
95|5|0|120|77
94|6|0|120|78
95|5|0|120|81
94|6|0|120|89
95|5|0|120|96
95|5|0|121|99
96|4|0|121|100
98|2|0|121|102
99|1|0|121|103
99|1|0|122|104
98|2|0|122|110
97|3|0|122|111
98|2|0|122|114
97|3|0|122|115
96|4|0|122|125
96|4|0|122|128
96|4|0|124|129
97|3|0|125|135
98|2|0|125|136
99|1|0|125|140
98|2|0|125|140
97|3|0|125|147
98|2|0|125|150
97|3|0|125|153
96|4|0|125|157
96|4|0|127|164
97|3|0|127|165
98|2|0|127|172
99|1|0|127|178
100|0|0|127|182
100|0|0|124|191
99|1|0|124|200
98|2|0|124|204
97|3|0|124|220
96|4|0|124|221
97|3|0|124|225
96|4|0|124|226
97|3|0|124|229
96|4|0|124|239
97|3|0|124|245
97|3|0|124|246
98|2|0|124|246
99|1|0|124|251
98|2|0|124|258
97|3|0|124|262
97|3|0|126|263
97|3|0|126|264
98|2|0|126|283
97|3|0|126|284
98|2|0|126|287
99|1|0|126|289
98|2|0|126|305
99|1|0|126|309
98|2|0|126|322
98|2|0|124|326
99|1|0|124|330
98|2|0|124|332
97|3|0|124|336
98|2|0|124|347
97|3|0|124|350
98|2|0|124|357
99|1|0|124|361
98|2|0|124|363
97|3|0|124|367
96|4|0|124|374
97|3|0|124|375
97|3|0|122|382
98|2|0|122|388
98|2|0|119|391
99|1|0|119|392
100|0|0|119|399
99|1|0|119|405
98|2|0|119|420
98|2|0|116|428
99|1|0|116|430
100|0|0|117|445
99|1|0|117|465
98|2|0|117|473
98|2|0|118|477
97|3|0|118|488
98|2|0|118|490
98|2|0|118|492
99|1|0|118|498
98|2|0|118|505
99|1|0|118|513
97|3|0|118|517
95|5|0|118|520
96|4|0|118|530
96|4|0|115|532
95|5|0|115|534
97|3|0|115|542
99|1|0|115|545
99|1|0|113|554
99|1|0|111|558
100|0|0|111|559
100|0|0|111|566
100|0|0|112|567
100|0|0|113|579
100|0|0|114|602
100|0|0|111|649
100|0|0|108|651
100|0|0|110|673
99|1|0|110|681
99|1|0|111|701
98|2|0|111|702
99|1|0|111|706
98|2|0|111|719
98|2|0|111|727
99|1|0|111|744
100|0|0|111|752
100|0|0|112|771
100|0|0|112|777
100|0|0|112|784
100|0|0|113|797
100|0|0|114|882
100|0|0|115|888
100|0|0|117|890
99|1|0|117|916
99|1|0|118|920
99|1|0|119|928
99|1|0|117|937
100|0|0|117|941
100|0|0|118|955
100|0|0|119|1007
100|0|0|121|1031
100|0|0|122|1037
100|0|0|119|1043
99|1|0|119|1098
98|2|0|120|1105
98|2|0|122|1108
99|1|0|122|1123
100|0|0|122|1130
100|0|0|123|1132
99|1|0|123|1135
99|1|0|124|1143
99|1|0|126|1152
98|2|0|126|1155
99|1|0|127|1160
99|1|0|125|1168
100|0|0|125|1180
99|1|0|125|1216
99|1|0|126|1238
100|0|0|126|1241
100|0|0|123|1243
100|0|0|124|1264
100|0|0|122|1267
99|1|0|122|1286
99|1|0|122|1290
98|2|0|122|1293
99|1|0|122|1311
100|0|0|122|1318
100|0|0|119|1322
99|1|0|119|1351
100|0|0|119|1376
99|1|0|119|1384
99|1|0|117|1392
99|1|0|117|1408
100|0|0|117|1409
99|1|0|117|1417
98|2|0|117|1418
98|2|0|119|1441
99|1|0|119|1442
100|0|0|121|1443
99|1|0|121|1443
99|1|0|119|1445
98|2|0|119|1459
99|1|0|119|1468
99|1|0|116|1472
100|0|0|116|1484
99|1|0|116|1500
98|2|0|116|1524
99|1|0|116|1525
98|2|0|116|1530
98|2|0|116|1541
99|1|0|116|1549
100|0|0|116|1555
100|0|0|117|1559
99|1|0|117|1562
99|1|0|114|1563
98|2|0|114|1581
98|2|0|114|1582
98|2|0|115|1583
99|1|0|115|1587
98|2|0|115|1589
97|3|0|115|1595
98|2|0|115|1606
99|1|0|115|1614
100|0|0|115|1620
100|0|0|116|1623
99|1|0|116|1647
99|1|0|117|1648
98|2|0|117|1658
98|2|0|118|1669
99|1|0|118|1672
100|0|0|118|1683
100|0|0|116|1685
99|1|0|116|1698
98|2|0|116|1722
99|1|0|116|1723
99|1|0|117|1736
99|1|0|115|1738
100|0|0|115|1747
100|0|0|112|1750
100|0|0|114|1762
100|0|0|111|1777
99|1|0|111|1779
98|2|0|111|1784
97|3|0|111|1796
98|2|0|111|1804
99|1|0|111|1809
100|0|0|111|1821
99|1|0|111|1849
100|0|0|111|1874
100|0|0|112|1885
100|0|0|114|1900
99|0|1|114|1908
99|0|1|115|1915
98|0|2|115|1923
98|0|2|116|1926
98|0|2|114|1932
98|0|2|115|1956
97|1|2|115|1957
97|1|2|112|1965
96|2|2|112|1968
95|3|2|112|1972
96|2|2|112|1982
97|1|2|112|1993
96|1|3|112|1994
97|0|3|112|1997
96|1|3|112|2000
96|1|3|113|2014
95|2|3|113|2018
94|3|3|113|2021
95|2|3|113|2025
94|3|3|113|2026
93|4|3|113|2030
93|4|3|113|2038
92|5|3|113|2042
93|4|3|113|2043
94|3|3|113|2046
93|4|3|113|2048
94|3|3|113|2051
94|3|3|114|2052
95|2|3|114|2055
96|1|3|115|2067
97|0|3|115|2073
97|0|3|115|2080
96|1|3|115|2091
95|2|3|115|2095
95|2|3|116|2102
95|2|3|114|2109
94|3|3|114|2114
95|2|3|114|2116
95|2|3|116|2118
96|1|3|116|2120
97|0|3|116|2139
96|0|4|116|2144
96|0|4|118|2147
95|1|4|118|2153
94|2|4|118|2154
93|3|4|118|2173
94|2|4|118|2178
95|1|4|118|2179
94|2|4|119|2184
93|3|4|119|2192
94|2|4|119|2198
95|1|4|119|2209
95|1|4|116|2210
96|0|4|116|2217
95|1|4|116|2224
95|1|4|117|2234
94|2|4|117|2244
94|2|4|117|2248
95|1|4|117|2249
94|2|4|117|2255
94|2|4|118|2259
95|1|4|118|2269
95|1|4|120|2276
95|1|4|120|2280
95|1|4|121|2284
96|0|4|121|2305
96|0|4|122|2322
95|1|4|122|2324
95|1|4|122|2335
94|2|4|122|2338
93|3|4|122|2339
92|4|4|122|2342
91|5|4|122|2347
91|5|4|122|2349
90|5|5|122|2355
90|5|5|123|2356
89|6|5|123|2357
88|6|6|123|2359
87|7|6|123|2361
86|8|6|123|2362
87|7|6|123|2363
88|6|6|123|2364
88|6|6|123|2367
89|5|6|123|2372
89|5|6|123|2374
89|5|6|121|2381
90|4|6|121|2382
91|3|6|121|2386
92|2|6|121|2387
93|1|6|121|2392
94|0|6|119|2399
93|1|6|119|2410
92|1|7|119|2411
92|1|7|120|2415
91|2|7|120|2430
92|1|7|120|2435
91|2|7|120|2439
90|3|7|120|2448
89|4|7|120|2452
90|3|7|120|2455
90|3|7|118|2460
89|4|7|118|2463
90|3|7|118|2464
89|4|7|118|2465
88|5|7|118|2468
89|4|7|118|2473
90|3|7|118|2477
89|3|8|118|2482
90|2|8|118|2488
91|1|8|118|2490
92|0|8|118|2493
92|0|8|115|2503
92|0|8|112|2510
92|0|8|114|2517
91|1|8|114|2518
91|1|8|116|2525
91|1|8|117|2534
92|0|8|117|2543
91|0|9|117|2563
90|0|10|114|2567
90|0|10|115|2572
89|1|10|115|2581
88|1|11|115|2593
89|0|11|115|2606
89|0|11|116|2610
88|1|11|116|2630
87|2|11|116|2639
87|2|11|117|2640
86|2|12|117|2644
86|2|12|118|2651
87|1|12|118|2655
86|2|12|118|2659
86|1|13|118|2664
85|2|13|118|2672
86|1|13|118|2684
85|1|14|118|2689
86|0|14|118|2697
85|1|14|118|2708
84|1|15|118|2709
83|2|15|118|2722
82|3|15|118|2727
83|2|15|118|2733
83|2|15|119|2738
82|2|16|119|2746
83|1|16|119|2747
82|2|16|119|2748
83|1|16|119|2752
82|2|16|119|2760
83|1|16|119|2773
82|1|17|119|2775
82|1|17|121|2783
83|0|17|121|2785
82|1|17|121|2801
81|2|17|121|2802
80|2|18|121|2809
80|2|18|119|2812
79|2|19|119|2815
80|1|19|117|2826
81|0|19|117|2827
79|1|20|117|2835
78|1|21|117|2844
78|1|21|119|2846
79|0|21|119|2860
79|0|21|120|2863
79|0|21|120|2866
78|1|21|120|2868
77|1|22|120|2869
76|2|22|120|2871
75|3|22|120|2876
75|3|22|121|2877
74|4|22|118|2880
74|4|22|119|2889
75|3|22|119|2893
76|2|22|119|2896
77|1|22|119|2901
77|1|22|120|2903
78|0|22|120|2905
77|0|23|120|2908
76|0|24|120|2938
75|1|24|120|2939
75|1|24|121|2944
75|1|24|118|2945
74|2|24|118|2956
75|1|24|118|2964
74|1|25|118|2968
73|1|26|118|2970
72|1|27|118|2972
72|1|27|119|2973
72|1|27|107|2978
73|0|27|107|2981
72|1|27|107|2986
72|1|27|108|2987
72|1|27|109|2989
71|2|27|109|3006
72|1|27|109|3011
71|1|28|109|3016
70|1|29|109|3020
69|2|29|109|3022
68|3|29|109|3028
68|2|30|109|3031
67|3|30|109|3032
66|3|31|109|3042
67|2|31|109|3047
68|1|31|109|3053
69|0|31|109|3057
69|0|31|110|3061
68|0|32|110|3070
68|0|32|108|3071
67|0|33|108|3091
67|0|33|110|3099
66|1|33|110|3105
66|1|33|107|3119
65|2|33|107|3126
66|1|33|107|3130
65|1|34|109|3144
66|0|34|109|3151
66|0|34|95|3153
66|0|34|97|3155
65|0|35|97|3163
65|0|35|94|3217
64|0|36|94|3232
64|0|36|92|3290
64|0|36|93|3294
64|0|36|94|3327
63|1|36|94|3349
62|2|36|94|3355
61|2|37|94|3372
62|1|37|94|3374
63|0|37|94|3380
63|0|37|95|3396
62|0|38|95|3398
62|0|38|96|3415
62|0|38|94|3419
61|0|39|94|3424
60|0|40|92|3433
60|0|40|90|3445
59|0|41|90|3487
58|0|42|90|3503
57|0|43|90|3522
57|0|43|91|3530
56|0|44|91|3558
56|0|44|93|3569
56|0|44|90|3575
56|0|44|87|3584
56|0|44|57|3601
56|0|44|58|3642
56|0|44|60|3650
56|0|44|61|3667
55|0|45|61|3670
54|0|46|61|3681
53|0|47|61|3738
53|0|47|62|3743
53|0|47|63|3756
53|0|47|64|3771
52|0|48|64|3779
51|0|49|64|3784
50|0|50|64|3837
50|0|50|62|3865
50|0|50|63|3871
49|0|51|63|3876
49|0|51|61|3919
49|0|51|63|3924
47|0|53|63|3960
47|0|53|60|3967
47|0|53|61|3981
46|0|54|61|3991
46|0|54|62|4008
46|0|54|59|4020
46|0|54|61|4032
46|0|54|62|4041
46|0|54|54|4066
46|0|54|55|4098
46|0|54|43|4104
46|0|54|44|4137
45|0|55|44|4148
44|0|56|44|4161
44|0|56|45|4175
43|0|57|45|4188
42|0|58|45|4206
41|0|59|45|4207
40|0|60|45|4208
39|0|61|45|4222
38|0|62|45|4268
37|0|63|45|4273
36|0|64|36|4276
36|0|64|26|4297
35|0|65|26|4303
35|0|65|24|4323
34|0|66|24|4349
33|0|67|24|4372
32|0|68|24|4397
31|0|69|24|4427
31|0|69|14|4457
30|0|70|14|4491
30|0|70|15|4492
30|0|70|8|4510
30|0|70|0|4523
end